K = array([[1.85122179e+03, 0.00000000e+00, 2.01124903e+03],
       [0.00000000e+00, 1.85122179e+03, 1.54495515e+03],
       [0.00000000e+00, 0.00000000e+00, 1.00000000e+00]])

dist_coeff = array([[-3.20944874e+00],
       [-4.67979213e-01],
       [ 3.27782935e-03],
       [-3.51129705e-03],
       [ 5.83844599e+00],
       [-3.21433023e+00],
       [-4.45992665e-01],
       [ 5.81381733e+00],
       [ 0.00000000e+00],
       [ 0.00000000e+00],
       [ 0.00000000e+00],
       [ 0.00000000e+00],
       [ 0.00000000e+00],
       [ 0.00000000e+00]])
